38.87879,21.48485,23.59343,20.38636,19.24747,22.33838,27.77020,25.65152,26.04040,26.38636,18.78788,20.23485,22.99747,23.07576,22.20455,24.81313,23.36616,24.11616,21.71465,25.66162,23.90152,25.89141,23.76263,24.56313,23.60354,25.19949,20.92172,21.78535,26.90909,24.53030,26.57071,22.72222,27.62121,24.20960,23.56313,21.17424,21.81566,25.84343,25.59091,21.85101,24.28283,25.91919,24.32323,25.82071,24.19697,23.27778,23.66162,22.38131,25.36364,24.30051,25.92677,25.72727,20.97222,24.66414,24.55303,24.48737,21.74495,24.55303,26.30051,20.89899,23.94949,24.71212,24.85101,25.71970,21.48485,38.50568,23.01263,22.10543,18.50884,21.79693,27.09659,26.24411,24.87984,23.98506,19.33607,24.53325,21.77441,21.46949,23.27378,21.76999,24.38868,25.45918,22.17445,27.33670,22.10648,24.31418,25.57576,21.07660,26.82197,24.58396,21.84891,24.16688,27.02546,24.99558,23.85648,24.06187,22.83291,25.39457,24.24790,20.99453,25.65088,24.96444,24.19276,22.65067,25.01221,26.91098,25.03704,23.38615,26.36343,23.99769,25.42803,21.35880,23.56124,26.59659,22.43708,23.92024,25.93624,24.57008,24.01810,26.15004,25.43603,23.73443,25.99537,21.66014,20.97685,27.85248,23.56250,25.52504,23.59343,23.01263,44.67401,26.92792,24.37466,28.12619,25.44031,21.45049,24.99778,27.56627,25.06260,23.46082,25.76523,27.60109,22.14333,22.42753,23.13828,24.87137,25.75015,24.05755,24.69108,21.91973,21.11226,19.61838,21.57713,22.18113,28.12358,25.29676,26.48615,25.03352,21.46748,23.51194,24.84060,25.05854,22.51362,23.21687,24.14945,26.56321,25.57155,22.58685,24.94207,22.44835,22.42409,22.68970,26.59925,22.61149,23.64141,21.26416,22.26538,26.03237,22.74258,25.03635,22.16299,23.01194,21.78566,24.20026,22.71610,23.29102,30.30862,25.71495,25.16567,23.97238,19.34871,26.90159,20.38636,22.10543,26.92792,40.88126,21.03202,27.83982,23.54528,21.56152,22.44186,25.19117,26.35095,24.46063,26.58884,23.29528,23.27726,20.49386,21.06135,23.61582,26.44852,25.78972,22.51894,22.37253,21.25436,20.82140,22.26710,24.54827,26.28570,24.92005,26.80894,23.00855,20.88441,21.59814,23.44135,23.24960,26.61582,24.18882,26.41753,25.16649,24.72727,19.25597,23.50723,22.46344,21.19100,21.86737,25.74386,24.38677,22.21843,22.11840,20.49822,22.69358,23.42074,23.29953,25.23112,27.45357,24.26825,22.44967,20.46074,21.45696,29.16357,27.52772,28.65438,27.00534,19.72928,22.04528,19.24747,18.50884,24.37466,21.03202,35.80693,23.16150,21.11123,18.23508,18.13051,20.73955,21.39566,23.25184,20.30946,18.82840,18.60893,19.24989,17.40691,23.11639,20.69594,19.76309,18.17172,18.35181,15.55349,15.24197,20.07277,20.02422,23.50987,21.14084,21.97165,20.53134,18.54339,18.33609,17.45661,21.74690,19.97245,21.17883,19.07518,22.70466,19.45202,18.73760,16.82346,18.42000,17.33310,16.45627,23.83574,19.60663,17.33081,15.79144,16.59883,20.68997,17.28180,20.20856,20.06899,20.62523,15.80601,17.75999,17.77870,17.07163,22.02732,22.50425,20.22704,17.65301,15.89428,22.80062,22.33838,21.79693,28.12619,27.83982,23.16150,43.94421,25.11626,20.18215,22.02136,26.69738,24.31316,24.09595,24.41669,22.71362,21.94613,22.30307,22.17383,24.27825,23.52046,23.62861,23.91176,19.86318,22.41032,20.05040,20.19027,22.90276,27.35391,25.88785,26.66563,25.39312,23.13520,21.69464,24.20571,22.97048,22.59082,17.85217,24.87494,24.09493,23.64338,20.87828,22.39694,23.27761,21.53278,19.87447,23.40661,22.57357,20.07870,19.23978,19.78438,23.65284,21.91693,25.68657,25.36851,25.85857,23.65035,22.64188,21.82624,24.75399,30.39959,27.73179,25.12804,22.77678,20.06089,23.90386,27.77020,27.09659,25.44031,23.54528,21.11123,25.11626,45.54241,26.04737,28.58737,26.28396,21.06380,26.28004,26.39195,25.74612,28.74761,23.66760,24.02917,28.78264,23.40953,26.90534,25.65446,25.22282,24.00298,23.32614,29.90989,32.35945,24.25272,26.62211,27.04888,24.92969,23.16755,24.11008,26.97134,25.61243,27.40722,22.30468,23.91167,28.25874,29.20539,25.25696,25.39122,29.34992,26.15802,26.02045,27.43781,25.80760,23.63005,21.76766,27.57295,29.91156,28.46004,25.66542,24.69335,24.72687,21.66755,28.43654,26.41422,26.58383,27.40148,23.74141,25.76450,27.82493,27.20805,26.46329,25.65152,26.24411,21.45049,21.56152,18.23508,20.18215,26.04737,35.28441,25.65187,26.12698,19.83145,21.56035,22.78081,21.11836,23.72067,21.95291,24.99676,26.08267,22.99008,28.22370,22.92957,23.22074,24.39317,20.52826,22.69689,25.19659,20.85841,20.40093,24.11557,25.10223,24.59547,25.43817,24.92725,26.72528,23.31640,21.94493,21.85491,24.54007,26.28423,22.61101,25.17358,26.16575,23.94847,24.40608,24.76604,23.17343,26.84175,25.78798,24.25826,25.54155,23.18452,24.76421,22.54706,23.63346,21.40103,26.41588,22.05262,25.98893,26.09027,22.02477,22.17182,26.88907,23.80624,25.77408,26.04040,24.87984,24.99778,22.44186,18.13051,22.02136,28.58737,25.65187,40.28810,26.74982,20.32205,22.39189,24.78946,22.71728,24.85667,23.33673,25.67190,25.82597,24.12669,28.45863,25.88370,27.16574,25.67945,24.00883,27.10885,25.36056,22.53429,22.85159,27.07634,25.50266,22.78032,26.01817,26.94948,29.91795,26.71542,21.68433,24.05642,24.69960,27.05107,25.55675,26.79315,27.42809,25.20391,23.61681,27.15996,23.36628,26.69402,24.39842,25.81135,24.25671,28.58881,26.19796,24.04425,23.56384,27.80052,27.80853,27.72954,24.10482,25.55105,21.60797,25.05057,27.31735,25.61312,24.64826,26.38636,23.98506,27.56627,25.19117,20.73955,26.69738,26.28396,26.12698,26.74982,43.34243,23.06014,25.03503,27.16478,25.46802,24.01321,24.56804,25.72322,28.17594,24.25275,26.06372,24.43280,24.35863,24.19475,23.00250,25.12301,24.74447,22.62036,20.68487,27.80861,29.14231,25.54927,25.71943,26.21336,25.35926,23.01292,26.71336,20.19048,24.84933,26.26375,22.80038,25.90574,25.96413,22.57953,26.41354,26.43672,20.02739,25.33880,25.35429,22.17889,25.75649,23.25275,27.38771,22.60807,22.16998,24.75381,26.05330,24.04242,26.55939,28.68418,23.45268,24.03927,24.94088,29.21803,27.33755,18.78788,19.33607,25.06260,26.35095,21.39566,24.31316,21.06380,19.83145,20.32205,23.06014,37.19888,26.07651,24.29647,20.42042,19.83590,20.81681,19.90956,24.49489,24.30149,23.93225,19.24172,19.58606,18.76867,17.26107,19.49606,20.66274,24.96555,24.33279,22.20148,20.23919,18.58868,18.67306,21.27496,19.78327,22.27547,19.57546,22.43268,23.38254,22.40685,18.86343,18.60852,21.04172,19.44240,20.36961,25.18550,18.26163,19.70497,17.83417,18.41236,19.90823,22.42271,22.89016,22.28667,20.96199,19.35888,19.63541,20.96383,18.74680,23.91160,26.20421,23.52419,19.73710,17.21918,20.49450,20.23485,24.53325,23.46082,24.46063,23.25184,24.09595,26.28004,21.56035,22.39189,25.03503,26.07651,40.83606,28.88343,24.24244,22.89089,21.31368,21.77557,25.40154,25.65617,27.86397,22.43715,22.49841,20.81879,19.30214,24.19552,23.03692,27.17590,26.77547,25.62900,22.32756,20.32413,18.77724,21.79709,22.57962,22.42820,25.11274,26.51228,26.49496,22.97110,21.41220,19.44194,24.45604,24.58920,22.82034,29.40206,24.72060,22.33670,19.49815,19.64566,21.67206,22.47183,27.85707,27.17826,20.35510,21.41503,22.81452,21.64376,22.76946,24.81112,28.28246,26.99689,24.72183,22.27950,21.62291,22.99747,21.77441,25.76523,26.58884,20.30946,24.41669,26.39195,22.78081,24.78946,27.16478,24.29647,28.88343,44.84425,31.17422,25.82175,23.43830,20.04734,25.86611,24.72806,24.58520,25.82267,22.23551,20.34221,18.37047,23.22513,23.56504,25.64315,27.46674,26.65866,25.92822,19.66236,23.18036,23.81492,25.87863,24.42896,27.87552,24.54867,26.28028,23.21689,22.52408,23.23732,23.30257,21.70796,22.59670,26.96607,21.09162,25.43266,22.01127,21.83999,23.76951,25.18766,27.73788,23.43388,19.59535,22.10428,24.15379,24.15440,24.93835,26.76161,26.11690,24.18299,25.10180,23.51171,26.10014,23.07576,21.46949,27.60109,23.29528,18.82840,22.71362,25.74612,21.11836,22.71728,25.46802,20.42042,24.24244,31.17422,43.12098,25.90361,19.69314,23.67592,25.51468,22.19545,23.53553,27.92663,23.54970,19.36999,17.26778,21.28700,23.75254,24.18902,24.06796,24.58564,24.72178,21.32944,21.52506,24.10743,23.62927,22.77534,25.02914,23.43188,26.74219,22.25561,22.02071,23.36821,22.98881,22.52025,24.88689,24.94566,23.02365,23.38847,19.50643,21.70173,21.97469,22.61716,29.53187,23.18325,23.95330,22.28904,22.36443,21.19649,23.72581,27.47415,22.18108,22.82651,24.51489,23.82926,24.55195,22.20455,23.27378,22.14333,23.27726,18.60893,21.94613,28.74761,23.72067,24.85667,24.01321,19.83590,22.89089,25.82175,25.90361,40.53267,25.70511,23.11053,27.34258,20.83269,25.87904,24.61686,26.88674,22.37091,21.54885,27.09669,27.65578,21.93183,24.80713,24.57481,23.76551,21.21252,23.72502,26.09809,26.04352,25.88523,22.32789,20.01280,22.54755,23.55022,22.83514,23.78702,23.44875,25.86407,21.69042,25.04855,21.12371,23.91120,20.32710,23.42338,27.32811,24.74683,25.80211,24.17350,23.11664,24.44989,25.52540,24.78755,25.46923,26.90084,23.44926,24.10551,24.92991,24.73778,28.39772,24.81313,21.76999,22.42753,20.49386,19.24989,22.30307,23.66760,21.95291,23.33673,24.56804,20.81681,21.31368,23.43830,19.69314,25.70511,37.92737,21.19207,26.75749,19.09229,22.90162,20.61013,25.22906,23.06351,22.49176,25.73489,22.40865,20.42349,21.14571,24.64318,22.57578,23.83526,24.18117,27.33141,26.29708,22.93566,22.87939,20.72848,24.01889,24.34231,22.35022,19.29284,24.75740,22.08553,22.78160,23.78343,18.69759,22.78746,21.87642,22.03943,22.44829,21.51906,23.41188,20.00740,25.12203,22.51708,24.13150,28.49936,19.82582,23.78483,21.69700,22.66114,24.26022,21.34625,26.44482,23.36616,24.38868,23.13828,21.06135,17.40691,22.17383,24.02917,24.99676,25.67190,25.72322,19.90956,21.77557,20.04734,23.67592,23.11053,21.19207,36.40304,22.35941,22.72705,27.06254,24.90558,25.19945,24.63858,20.45962,23.05376,20.83886,21.37712,20.10048,24.09038,24.17839,26.15275,24.93714,23.45078,24.62054,23.49466,18.02907,21.68325,23.48653,24.03423,22.74760,26.20790,25.75052,25.80683,24.10919,25.04308,21.78827,24.19150,20.45379,25.43475,24.15766,24.49220,25.80168,21.64698,24.06992,23.56689,25.63104,24.39697,24.82697,24.36633,20.90591,22.33952,23.94801,23.62035,25.92003,24.11616,25.45918,24.87137,23.61582,23.11639,24.27825,28.78264,26.08267,25.82597,28.17594,24.49489,25.40154,25.86611,25.51468,27.34258,26.75749,22.35941,44.30209,23.67119,25.48268,23.42649,25.40495,26.38391,20.89919,27.20531,28.24499,22.50684,22.42632,23.64097,25.67841,25.17909,22.41881,26.61132,26.66257,25.25775,25.13404,22.16931,23.80003,29.42031,23.88738,25.58997,26.40186,26.67939,24.62227,26.33072,21.43367,26.67088,22.17954,26.06003,26.05292,24.20907,28.49555,27.50539,26.55054,22.50737,26.28442,25.90307,24.39606,28.62506,26.40510,24.71868,26.65352,25.91357,25.78067,21.71465,22.17445,25.75015,26.44852,20.69594,23.52046,23.40953,22.99008,24.12669,24.25275,24.30149,25.65617,24.72806,22.19545,20.83269,19.09229,22.72705,23.67119,40.46518,27.72679,23.92354,22.12738,21.50513,18.94128,19.96415,21.80623,27.22611,27.36929,27.57636,22.93409,20.05493,21.02613,23.11679,23.27432,22.76743,21.03850,24.15605,24.18282,24.65432,20.05742,22.81261,23.12598,20.68781,22.55809,26.35492,24.84886,26.26305,21.80432,21.83087,20.44496,26.94245,26.00081,28.23456,24.80749,23.81503,21.74423,19.75997,22.23739,27.32414,26.60228,26.49688,26.35533,22.89021,21.59780,25.66162,27.33670,24.05755,25.78972,19.76309,23.62861,26.90534,28.22370,28.45863,26.06372,23.93225,27.86397,24.58520,23.53553,25.87904,22.90162,27.06254,25.48268,27.72679,47.69656,28.11504,26.67213,25.46817,23.73245,26.88116,22.84519,22.88937,27.86920,30.24293,28.91154,24.52765,24.30563,27.58851,24.50612,22.96949,21.75518,23.20225,29.08856,26.18631,25.02336,25.03066,29.79109,25.51395,23.10341,31.39152,25.90409,28.03451,24.05744,24.13522,26.48714,28.84042,28.03178,28.63958,25.47398,26.43422,24.51694,23.12124,26.68156,25.87835,26.73725,29.36300,28.26467,26.93320,24.16264,23.90152,22.10648,24.69108,22.51894,18.17172,23.91176,25.65446,22.92957,25.88370,24.43280,19.24172,22.43715,25.82267,27.92663,24.61686,20.61013,24.90558,23.42649,23.92354,28.11504,43.02722,24.77511,25.33923,18.14113,20.67256,23.87668,22.20903,22.24762,28.20469,29.64941,22.06341,27.38721,26.54770,25.93224,22.29237,19.22952,17.50379,25.70946,25.98962,22.37738,22.80527,23.85227,21.48597,19.99649,23.82983,25.57590,26.84933,18.45974,22.12247,21.32449,25.01192,25.02932,21.26136,25.90446,25.30079,22.82057,23.38328,25.22278,25.87823,21.28690,24.05191,27.64576,24.29167,23.58235,25.89141,24.31418,21.91973,22.37253,18.35181,19.86318,25.22282,23.22074,27.16574,24.35863,19.58606,22.49841,22.23551,23.54970,26.88674,25.22906,25.19945,25.40495,22.12738,26.67213,24.77511,38.89921,23.37779,21.86098,26.55697,25.23498,22.34421,22.98497,25.69457,22.60803,22.78169,22.50119,26.52639,26.47052,24.74894,23.18548,23.11151,23.28202,24.71268,21.17360,20.10444,25.32570,24.91787,25.05505,26.85280,22.89957,24.22685,20.32955,25.04092,21.87839,24.32182,25.86026,25.18176,23.99382,25.59735,24.77662,23.33583,21.75657,24.76937,21.48308,25.17362,21.60844,23.46895,25.27360,23.76263,25.57576,21.11226,21.25436,15.55349,22.41032,24.00298,24.39317,25.67945,24.19475,18.76867,20.81879,20.34221,19.36999,22.37091,23.06351,24.63858,26.38391,21.50513,25.46817,25.33923,23.37779,37.51194,22.51247,23.31887,19.27112,19.34588,20.51201,26.58272,26.06726,25.63399,24.97819,23.66146,24.03306,23.10530,17.63874,19.65427,22.40029,26.76684,20.91590,25.31068,26.54362,22.94437,21.00015,24.06099,21.63024,25.26515,21.27854,24.56703,23.13613,20.75765,24.54974,23.68756,24.54385,24.52793,26.37412,26.84542,24.03818,25.02173,21.54308,20.81137,25.93442,22.49128,22.58463,24.56313,21.07660,19.61838,20.82140,15.24197,20.05040,23.32614,20.52826,24.00883,23.00250,17.26107,19.30214,18.37047,17.26778,21.54885,22.49176,20.45962,20.89919,18.94128,23.73245,18.14113,21.86098,22.51247,35.88175,22.90756,21.17417,18.75316,21.01941,23.45881,23.70883,23.00209,19.19016,23.21761,23.31122,21.49628,20.37922,21.04775,22.80566,24.15011,19.55267,24.13404,21.12810,22.96865,19.66623,20.79984,20.49209,20.26431,24.51803,21.60973,23.49013,22.50946,19.60149,21.43365,22.94942,24.85058,23.53637,22.93039,21.10014,24.36014,22.36320,23.77561,23.00189,23.61478,21.45549,23.60354,26.82197,21.57713,22.26710,20.07277,20.19027,29.90989,22.69689,27.10885,25.12301,19.49606,24.19552,23.22513,21.28700,27.09669,25.73489,23.05376,27.20531,19.96415,26.88116,20.67256,26.55697,23.31887,22.90756,39.40840,25.27055,21.44873,23.02039,26.24767,25.53501,25.21365,22.47130,22.95554,24.78134,25.14891,23.22574,21.59952,25.20367,26.50421,21.79033,22.50329,27.10916,24.44115,21.71239,24.93186,22.75570,23.67172,21.19326,25.84584,27.15048,25.23940,22.77644,23.52078,25.22762,25.31971,27.60862,25.89616,20.12680,24.64157,21.37906,23.91674,26.28738,24.98726,27.58750,25.19949,24.58396,22.18113,24.54827,20.02422,22.90276,32.35945,25.19659,25.36056,24.74447,20.66274,23.03692,23.56504,23.75254,27.65578,22.40865,20.83886,28.24499,21.80623,22.84519,23.87668,25.23498,19.27112,21.17417,25.27055,42.26877,24.62370,24.23391,24.65058,23.55068,20.64528,22.29465,25.76886,26.65605,28.31401,21.28401,23.97549,25.81315,26.95791,21.10820,21.98994,25.23835,23.36739,24.89717,22.68138,24.27409,23.80429,21.45430,23.25385,25.58764,25.05875,23.46111,24.44037,25.99730,21.78922,24.43769,21.88483,23.71354,27.76718,23.46914,28.01175,25.59032,25.42430,25.05305,20.92172,21.84891,28.12358,26.28570,23.50987,27.35391,24.25272,20.85841,22.53429,22.62036,24.96555,27.17590,25.64315,24.18902,21.93183,20.42349,21.37712,22.50684,27.22611,22.88937,22.20903,22.34421,19.34588,18.75316,21.44873,24.62370,39.56808,27.21341,25.44321,23.47310,19.35290,21.09634,22.02336,21.64046,27.11009,21.53094,27.42413,26.33801,20.93154,20.04864,19.69118,22.17895,21.22633,22.30113,25.96642,24.82980,21.82912,19.06878,20.14199,21.39405,22.10490,25.88745,24.15875,24.79037,21.07765,21.74756,20.44457,22.51893,27.59632,27.14204,27.15590,23.90035,19.43492,21.82455,21.78535,24.16688,25.29676,24.92005,21.14084,25.88785,26.62211,20.40093,22.85159,20.68487,24.33279,26.77547,27.46674,24.06796,24.80713,21.14571,20.10048,22.42632,27.36929,27.86920,22.24762,22.98497,20.51201,21.01941,23.02039,24.23391,27.21341,44.19949,31.52525,23.58974,18.61064,22.57756,24.19997,22.46141,24.31970,19.87673,27.17396,28.78008,23.67621,19.72079,20.55258,23.93475,20.76854,17.20218,26.65076,26.34021,23.85143,21.58539,20.84739,22.89675,26.94252,26.79297,25.83626,22.78820,22.44650,22.21683,22.57257,23.12153,29.36102,28.01657,27.85623,24.67864,21.86886,21.92739,26.90909,27.02546,26.48615,26.80894,21.97165,26.66563,27.04888,24.11557,27.07634,27.80861,22.20148,25.62900,26.65866,24.58564,24.57481,24.64318,24.09038,23.64097,27.57636,30.24293,28.20469,25.69457,26.58272,23.45881,26.24767,24.65058,25.44321,31.52525,47.78030,31.72358,24.52731,26.67099,25.52320,26.12303,25.73384,20.94997,25.96688,32.71442,28.96156,22.29655,24.45410,27.20242,22.73067,20.58602,27.28712,27.75941,26.68729,21.85054,23.11255,24.84120,27.85162,26.53035,26.22767,28.53820,26.92882,25.21178,24.02459,23.47002,31.52769,26.08728,27.67188,29.52712,27.71229,26.27587,24.53030,24.99558,25.03352,23.00855,20.53134,25.39312,24.92969,25.10223,25.50266,29.14231,20.23919,22.32756,25.92822,24.72178,23.76551,22.57578,24.17839,25.67841,22.93409,28.91154,29.64941,22.60803,26.06726,23.70883,25.53501,23.55068,23.47310,23.58974,31.72358,46.04654,27.00203,25.12959,23.64949,24.86542,23.24744,17.89949,16.41466,32.91623,28.05892,23.74617,26.21882,24.66443,19.79507,21.52917,21.43436,27.01674,28.27652,21.92744,21.99237,27.54494,23.70935,25.54605,22.22756,29.12265,26.30001,23.44320,25.03773,23.56592,27.04932,22.85619,26.05559,26.35202,27.07444,26.45916,26.57071,23.85648,21.46748,20.88441,18.54339,23.13520,23.16755,24.59547,22.78032,25.54927,18.58868,20.32413,19.66236,21.32944,21.21252,23.83526,26.15275,25.17909,20.05493,24.52765,22.06341,22.78169,25.63399,23.00209,25.21365,20.64528,19.35290,18.61064,24.52731,27.00203,36.76811,22.10530,23.83037,24.88449,19.91534,18.13340,18.49644,23.72086,24.20342,19.06854,23.67656,25.67367,23.29398,23.60018,21.04233,21.05715,21.10438,21.39232,20.06577,24.16012,21.07261,22.32149,22.40094,25.53669,23.20498,22.51539,21.93577,22.08168,26.16511,20.14564,21.09308,26.39836,22.85870,24.51042,22.72222,24.06187,23.51194,21.59814,18.33609,21.69464,24.11008,25.43817,26.01817,25.71943,18.67306,18.77724,23.18036,21.52506,23.72502,24.18117,24.93714,22.41881,21.02613,24.30563,27.38721,22.50119,24.97819,19.19016,22.47130,22.29465,21.09634,22.57756,26.67099,25.12959,22.10530,37.86662,27.83662,26.53799,24.44069,23.03107,19.74254,24.29274,23.96380,21.86241,25.63093,25.39176,20.09129,21.15201,24.80238,21.22884,26.02020,24.44188,24.06761,25.04787,24.59684,23.08590,18.87913,24.65324,24.05732,24.75187,25.59611,24.62978,25.24740,19.99797,20.29163,26.28876,23.35296,27.24223,27.62121,22.83291,24.84060,23.44135,17.45661,24.20571,26.97134,24.92725,26.94948,26.21336,21.27496,21.79709,23.81492,24.10743,26.09809,27.33141,23.45078,26.61132,23.11679,27.58851,26.54770,26.52639,23.66146,23.21761,22.95554,25.76886,22.02336,24.19997,25.52320,23.64949,23.83037,27.83662,39.00548,26.39834,24.19325,23.12922,21.65507,27.68318,26.82688,23.09813,23.79313,29.58138,26.65805,23.94022,25.88949,24.82164,27.32492,26.71627,24.42918,25.21109,27.22285,24.79720,22.17734,27.03149,26.50714,26.49976,25.09706,26.57237,26.98135,23.02103,26.35894,28.55366,24.47463,25.31281,24.20960,25.39457,25.05854,23.24960,21.74690,22.97048,25.61243,26.72528,29.91795,25.35926,19.78327,22.57962,25.87863,23.62927,26.04352,26.29708,24.62054,26.66257,23.27432,24.50612,25.93224,26.47052,24.03306,23.31122,24.78134,26.65605,21.64046,22.46141,26.12303,24.86542,24.88449,26.53799,26.39834,42.88860,26.32756,27.69379,25.36461,24.16714,26.12458,24.09144,26.05399,26.99409,24.66697,22.93184,27.73647,22.87234,27.03914,25.47358,24.04815,25.05711,26.45361,25.15900,24.77692,24.40731,23.96530,26.10642,27.22689,22.39145,27.04565,23.23866,23.45527,25.86649,23.61255,31.19997,23.56313,24.24790,22.51362,26.61582,19.97245,22.59082,27.40722,23.31640,26.71542,23.01292,22.27547,22.42820,24.42896,22.77534,25.88523,22.93566,23.49466,25.25775,22.76743,22.96949,22.29237,24.74894,23.10530,21.49628,25.14891,28.31401,27.11009,24.31970,25.73384,23.24744,19.91534,24.44069,24.19325,26.32756,45.05293,24.45587,26.08345,23.15413,26.60073,22.11269,21.48250,24.08873,22.98046,23.01761,26.81697,24.34725,25.92508,20.74716,25.08528,22.47968,24.90885,27.55503,22.71752,27.36199,26.11484,23.57791,25.05683,23.05543,25.73589,22.67418,28.65751,27.24723,22.27720,24.26945,21.17424,20.99453,23.21687,24.18882,21.17883,17.85217,22.30468,21.94493,21.68433,26.71336,19.57546,25.11274,27.87552,25.02914,22.32789,22.87939,18.02907,25.13404,21.03850,21.75518,19.22952,23.18548,17.63874,20.37922,23.22574,21.28401,21.53094,19.87673,20.94997,17.89949,18.13340,23.03107,23.12922,27.69379,24.45587,47.07114,24.96063,20.75642,20.47082,21.47944,20.02798,22.54603,20.98380,22.55133,28.72787,19.89992,24.75168,25.26677,21.94938,21.22624,20.58143,24.72397,22.43492,20.57189,19.76472,22.91895,23.11473,18.62034,24.05206,22.37457,22.04329,21.97537,22.57312,25.83301,21.81566,25.65088,24.14945,26.41753,19.07518,24.87494,23.91167,21.85491,24.05642,20.19048,22.43268,26.51228,24.54867,23.43188,20.01280,20.72848,21.68325,22.16931,24.15605,23.20225,17.50379,23.11151,19.65427,21.04775,21.59952,23.97549,27.42413,27.17396,25.96688,16.41466,18.49644,19.74254,21.65507,25.36461,26.08345,24.96063,46.45931,25.66672,21.33586,21.23370,20.41931,22.83121,23.31933,19.89606,27.95070,24.07983,21.59975,21.34016,22.06204,20.20988,21.25958,23.20150,26.05343,24.04494,23.83230,22.38126,21.90702,19.79213,26.06921,25.77611,27.99231,25.12448,19.33856,22.52531,25.84343,24.96444,26.56321,25.16649,22.70466,24.09493,28.25874,24.54007,24.69960,24.84933,23.38254,26.49496,26.28028,26.74219,22.54755,24.01889,23.48653,23.80003,24.18282,29.08856,25.70946,23.28202,22.40029,22.80566,25.20367,25.81315,26.33801,28.78008,32.71442,32.91623,23.72086,24.29274,27.68318,24.16714,23.15413,20.75642,25.66672,46.70683,28.63945,23.31364,22.65609,27.56457,21.48995,21.61669,21.29162,32.52870,28.11069,23.65037,22.60072,24.17924,24.48080,24.32227,21.57972,29.80431,25.23853,23.46039,24.54244,22.73338,24.63576,25.36038,28.49570,28.66388,25.62219,24.41811,25.59091,24.19276,25.57155,24.72727,19.45202,23.64338,29.20539,26.28423,27.05107,26.26375,22.40685,22.97110,23.21689,22.25561,23.55022,24.34231,24.03423,29.42031,24.65432,26.18631,25.98962,24.71268,26.76684,24.15011,26.50421,26.95791,20.93154,23.67621,28.96156,28.05892,24.20342,23.96380,26.82688,26.12458,26.60073,20.47082,21.33586,28.63945,41.87991,20.22531,25.68799,25.05556,23.39198,22.39282,21.71100,24.67621,27.85774,22.84035,26.07323,25.47980,26.82604,24.48373,23.16919,28.63468,26.42059,26.64198,25.82800,24.10887,26.99972,23.63019,28.15095,29.21998,25.14394,25.51908,21.85101,22.65067,22.58685,19.25597,18.73760,20.87828,25.25696,22.61101,25.55675,22.80038,18.86343,21.41220,22.52408,22.02071,22.83514,22.35022,22.74760,23.88738,20.05742,25.02336,22.37738,21.17360,20.91590,19.55267,21.79033,21.10820,20.04864,19.72079,22.29655,23.74617,19.06854,21.86241,23.09813,24.09144,22.11269,21.47944,21.23370,23.31364,20.22531,32.93256,23.41264,24.43595,23.31800,21.05844,24.91335,20.94784,23.58923,21.20633,24.23806,24.27135,21.92863,23.97212,20.53949,20.96174,22.90945,23.91167,25.07367,22.96031,22.15929,20.43723,19.79219,22.45136,23.48301,25.84310,24.28283,25.01221,24.94207,23.50723,16.82346,22.39694,25.39122,25.17358,26.79315,25.90574,18.60852,19.44194,23.23732,23.36821,23.78702,19.29284,26.20790,25.58997,22.81261,25.03066,22.80527,20.10444,25.31068,24.13404,22.50329,21.98994,19.69118,20.55258,24.45410,26.21882,23.67656,25.63093,23.79313,26.05399,21.48250,20.02798,20.41931,22.65609,25.68799,23.41264,38.39300,23.24782,25.27788,22.67278,23.40143,18.95387,25.26178,24.73257,25.80751,27.86605,23.84291,23.86929,22.93469,23.83085,26.58565,26.92079,25.50661,25.92131,25.23617,21.42530,20.38282,27.34796,24.45902,26.90441,25.91919,26.91098,22.44835,22.46344,18.42000,23.27761,29.34992,26.16575,27.42809,25.96413,21.04172,24.45604,23.30257,22.98881,23.44875,24.75740,25.75052,26.40186,23.12598,29.79109,23.85227,25.32570,26.54362,21.12810,27.10916,25.23835,22.17895,23.93475,27.20242,24.66443,25.67367,25.39176,29.58138,26.99409,24.08873,22.54603,22.83121,27.56457,25.05556,24.43595,23.24782,38.01257,25.43779,25.09854,27.72205,24.92258,26.21591,24.06216,25.75052,26.15111,27.94416,27.18911,23.15651,26.30527,22.83528,27.04907,25.28926,25.99506,25.95512,22.12506,24.84562,28.56663,27.55733,24.74638,24.32323,25.03704,22.42409,21.19100,17.33310,21.53278,26.15802,23.94847,25.20391,22.57953,19.44240,24.58920,21.70796,22.52025,25.86407,22.08553,25.80683,26.67939,20.68781,25.51395,21.48597,24.91787,22.94437,22.96865,24.44115,23.36739,21.22633,20.76854,22.73067,19.79507,23.29398,20.09129,26.65805,24.66697,22.98046,20.98380,23.31933,21.48995,23.39198,23.31800,25.27788,25.43779,39.63963,25.43539,25.46179,21.49605,23.29125,20.68957,25.17608,24.76905,24.56408,25.87019,23.34940,23.32698,24.30408,28.69243,22.55484,23.72179,26.71416,22.88741,24.79816,24.98832,24.73163,25.24921,25.82071,23.38615,22.68970,21.86737,16.45627,19.87447,26.02045,24.40608,23.61681,26.41354,20.36961,22.82034,22.59670,24.88689,21.69042,22.78160,24.10919,24.62227,22.55809,23.10341,19.99649,25.05505,21.00015,19.66623,21.71239,24.89717,22.30113,17.20218,20.58602,21.52917,23.60018,21.15201,23.94022,22.93184,23.01761,22.55133,19.89606,21.61669,22.39282,21.05844,22.67278,25.09854,25.43539,42.09450,24.97352,18.01738,22.94907,20.10507,24.72423,21.75798,24.04294,28.74888,22.22733,21.43631,23.28958,24.20794,20.03426,21.43900,26.04264,19.85334,21.13727,24.04672,25.43761,24.90625,24.19697,26.36343,26.59925,25.74386,23.83574,23.40661,27.43781,24.76604,27.15996,26.43672,25.18550,29.40206,26.96607,24.94566,25.04855,23.78343,25.04308,26.33072,26.35492,31.39152,23.82983,26.85280,24.06099,20.79984,24.93186,22.68138,25.96642,26.65076,27.28712,21.43436,21.04233,24.80238,25.88949,27.73647,26.81697,28.72787,27.95070,21.29162,21.71100,24.91335,23.40143,27.72205,25.46179,24.97352,46.73545,21.31880,22.03241,21.01026,24.26670,24.68314,26.13017,31.20228,29.03518,21.74830,21.21152,27.64665,25.06754,22.65410,26.41362,25.51771,26.49448,24.27285,22.85887,25.54583,23.27778,23.99769,22.61149,24.38677,19.60663,22.57357,25.80760,23.17343,23.36628,20.02739,18.26163,24.72060,21.09162,23.02365,21.12371,18.69759,21.78827,21.43367,24.84886,25.90409,25.57590,22.89957,21.63024,20.49209,22.75570,24.27409,24.82980,26.34021,27.75941,27.01674,21.05715,21.22884,24.82164,22.87234,24.34725,19.89992,24.07983,32.52870,24.67621,20.94784,18.95387,24.92258,21.49605,18.01738,21.31880,45.14898,25.50800,20.56542,20.07306,20.99087,22.59129,23.02002,23.02611,32.65919,22.91826,21.13993,20.17266,21.50193,24.56603,21.91258,28.29585,26.65063,21.54907,20.30480,23.66162,25.42803,23.64141,22.21843,17.33081,20.07870,23.63005,26.84175,26.69402,25.33880,19.70497,22.33670,25.43266,23.38847,23.91120,22.78746,24.19150,26.67088,26.26305,28.03451,26.84933,24.22685,25.26515,20.26431,23.67172,23.80429,21.82912,23.85143,26.68729,28.27652,21.10438,26.02020,27.32492,27.03914,25.92508,24.75168,21.59975,28.11069,27.85774,23.58923,25.26178,26.21591,23.29125,22.94907,22.03241,25.50800,42.28535,27.65699,27.18308,22.66288,27.58123,27.08039,21.29924,26.22601,28.42761,27.03241,24.93266,24.77189,25.07912,22.10059,25.26684,31.07618,26.99874,26.59301,22.38131,21.35880,21.26416,22.11840,15.79144,19.23978,21.76766,25.78798,24.39842,25.35429,17.83417,19.49815,22.01127,19.50643,20.32710,21.87642,20.45379,22.17954,21.80432,24.05744,18.45974,20.32955,21.27854,24.51803,21.19326,21.45430,19.06878,21.58539,21.85054,21.92744,21.39232,24.44188,26.71627,25.47358,20.74716,25.26677,21.34016,23.65037,22.84035,21.20633,24.73257,24.06216,20.68957,20.10507,21.01026,20.56542,27.65699,36.10491,22.57949,20.72297,22.91544,20.76588,20.91064,21.67526,23.71050,25.33896,20.84048,24.19499,25.11722,21.92704,22.27978,25.85104,23.05297,21.78000,25.36364,23.56124,22.26538,20.49822,16.59883,19.78438,27.57295,24.25826,25.81135,22.17889,18.41236,19.64566,21.83999,21.70173,23.42338,22.03943,25.43475,26.06003,21.83087,24.13522,22.12247,25.04092,24.56703,21.60973,25.84584,23.25385,20.14199,20.84739,23.11255,21.99237,20.06577,24.06761,24.42918,24.04815,25.08528,21.94938,22.06204,22.60072,26.07323,24.23806,25.80751,25.75052,25.17608,24.72423,24.26670,20.07306,27.18308,22.57949,34.71505,23.90008,25.70713,24.92177,20.91718,23.09349,23.47739,28.48008,24.74265,22.57978,23.68170,19.54873,21.05613,23.81698,24.93853,26.89870,24.30051,26.59659,26.03237,22.69358,20.68997,23.65284,29.91156,25.54155,24.25671,25.75649,19.90823,21.67206,23.76951,21.97469,27.32811,22.44829,24.15766,26.05292,20.44496,26.48714,21.32449,21.87839,23.13613,23.49013,27.15048,25.58764,21.39405,22.89675,24.84120,27.54494,24.16012,25.04787,25.21109,25.05711,22.47968,21.22624,20.20988,24.17924,25.47980,24.27135,27.86605,26.15111,24.76905,21.75798,24.68314,20.99087,22.66288,20.72297,23.90008,39.95931,25.99042,23.13688,21.93899,24.56365,22.12477,24.91167,25.49702,24.49070,26.34493,24.14813,22.88395,25.11794,24.75488,31.19944,25.92677,22.43708,22.74258,23.42074,17.28180,21.91693,28.46004,23.18452,28.58881,23.25275,22.42271,22.47183,25.18766,22.61716,24.74683,21.51906,24.49220,24.20907,26.94245,28.84042,25.01192,24.32182,20.75765,22.50946,25.23940,25.05875,22.10490,26.94252,27.85162,23.70935,21.07261,24.59684,27.22285,26.45361,24.90885,20.58143,21.25958,24.48080,26.82604,21.92863,23.84291,27.94416,24.56408,24.04294,26.13017,22.59129,27.58123,22.91544,25.70713,25.99042,44.65709,27.15738,23.29517,24.76203,26.10544,23.87302,22.87614,22.92426,29.02616,23.55177,26.41607,28.04472,27.62001,24.74679,25.72727,23.92024,25.03635,23.29953,20.20856,25.68657,25.66542,24.76421,26.19796,27.38771,22.89016,27.85707,27.73788,29.53187,25.80211,23.41188,25.80168,28.49555,26.00081,28.03178,25.02932,25.86026,24.54974,19.60149,22.77644,23.46111,25.88745,26.79297,26.53035,25.54605,22.32149,23.08590,24.79720,25.15900,27.55503,24.72397,23.20150,24.32227,24.48373,23.97212,23.86929,27.18911,25.87019,28.74888,31.20228,23.02002,27.08039,20.76588,24.92177,23.13688,27.15738,44.92646,26.60072,23.60883,25.59421,26.14883,24.01222,24.87403,29.70265,25.50015,26.15035,25.73187,26.68061,24.54365,20.97222,25.93624,22.16299,25.23112,20.06899,25.36851,24.69335,22.54706,24.04425,22.60807,22.28667,27.17826,23.43388,23.18325,24.17350,20.00740,21.64698,27.50539,28.23456,28.63958,21.26136,25.18176,23.68756,21.43365,23.52078,24.44037,24.15875,25.83626,26.22767,22.22756,22.40094,18.87913,22.17734,24.77692,22.71752,22.43492,26.05343,21.57972,23.16919,20.53949,22.93469,23.15651,23.34940,22.22733,29.03518,23.02611,21.29924,20.91064,20.91718,21.93899,23.29517,26.60072,44.46206,23.73961,23.21155,23.38745,20.90542,20.91931,26.49047,28.18061,24.38349,22.80653,22.38057,22.45598,24.66414,24.57008,23.01194,27.45357,20.62523,25.85857,24.72687,23.63346,23.56384,22.16998,20.96199,20.35510,19.59535,23.95330,23.11664,25.12203,24.06992,26.55054,24.80749,25.47398,25.90446,23.99382,24.54385,22.94942,25.22762,25.99730,24.79037,22.78820,28.53820,29.12265,25.53669,24.65324,27.03149,24.40731,27.36199,20.57189,24.04494,29.80431,28.63468,20.96174,23.83085,26.30527,23.32698,21.43631,21.74830,32.65919,26.22601,21.67526,23.09349,24.56365,24.76203,23.60883,23.73961,47.73341,29.95336,23.68390,24.14998,21.53172,28.01465,25.82141,30.21629,32.65976,22.18314,24.66542,24.55303,24.01810,21.78566,24.26825,15.80601,23.65035,21.66755,21.40103,27.80052,24.75381,19.35888,21.41503,22.10428,22.28904,24.44989,22.51708,23.56689,22.50737,23.81503,26.43422,25.30079,25.59735,24.52793,24.85058,25.31971,21.78922,21.07765,22.44650,26.92882,26.30001,23.20498,24.05732,26.50714,23.96530,26.11484,19.76472,23.83230,25.23853,26.42059,22.90945,26.58565,22.83528,24.30408,23.28958,21.21152,22.91826,28.42761,23.71050,23.47739,22.12477,26.10544,25.59421,23.21155,29.95336,44.28326,24.19721,25.76911,24.13976,26.04137,23.59766,26.96681,30.88574,25.20719,24.71244,24.48737,26.15004,24.20026,22.44967,17.75999,22.64188,28.43654,26.41588,27.80853,26.05330,19.63541,22.81452,24.15379,22.36443,25.52540,24.13150,25.63104,26.28442,21.74423,24.51694,22.82057,24.77662,26.37412,23.53637,27.60862,24.43769,21.74756,22.21683,25.21178,23.44320,22.51539,24.75187,26.49976,26.10642,23.57791,22.91895,22.38126,23.46039,26.64198,23.91167,26.92079,27.04907,28.69243,24.20794,27.64665,21.13993,27.03241,25.33896,28.48008,24.91167,23.87302,26.14883,23.38745,23.68390,24.19721,37.90380,26.57849,24.68862,26.50032,21.94153,22.15778,27.61165,24.52428,26.11612,21.74495,25.43603,22.71610,20.46074,17.77870,21.82624,26.41422,22.05262,27.72954,24.04242,20.96383,21.64376,24.15440,21.19649,24.78755,28.49936,24.39697,25.90307,19.75997,23.12124,23.38328,23.33583,26.84542,22.93039,25.89616,21.88483,20.44457,22.57257,24.02459,25.03773,21.93577,25.59611,25.09706,27.22689,25.05683,23.11473,21.90702,24.54244,25.82800,25.07367,25.50661,25.28926,22.55484,20.03426,25.06754,20.17266,24.93266,20.84048,24.74265,25.49702,22.87614,24.01222,20.90542,24.14998,25.76911,26.57849,38.29466,21.36649,22.67001,21.71355,21.12078,25.10846,21.15427,25.70827,24.55303,23.73443,23.29102,21.45696,17.07163,24.75399,26.58383,25.98893,24.10482,26.55939,18.74680,22.76946,24.93835,23.72581,25.46923,19.82582,24.82697,24.39606,22.23739,26.68156,25.22278,21.75657,24.03818,21.10014,20.12680,23.71354,22.51893,23.12153,23.47002,23.56592,22.08168,24.62978,26.57237,22.39145,23.05543,18.62034,19.79213,22.73338,24.10887,22.96031,25.92131,25.99506,23.72179,21.43900,22.65410,21.50193,24.77189,24.19499,22.57978,24.49070,22.92426,24.87403,20.91931,21.53172,24.13976,24.68862,21.36649,37.17093,26.30244,22.02233,23.06494,25.69951,23.26917,23.23170,26.30051,25.99537,30.30862,29.16357,22.02732,30.39959,27.40148,26.09027,25.55105,28.68418,23.91160,24.81112,26.76161,27.47415,26.90084,23.78483,24.36633,28.62506,27.32414,25.87835,25.87823,24.76937,25.02173,24.36014,24.64157,27.76718,27.59632,29.36102,31.52769,27.04932,26.16511,25.24740,26.98135,27.04565,25.73589,24.05206,26.06921,24.63576,26.99972,22.15929,25.23617,25.95512,26.71416,26.04264,26.41362,24.56603,25.07912,25.11722,23.68170,26.34493,29.02616,29.70265,26.49047,28.01465,26.04137,26.50032,22.67001,26.30244,46.07451,31.09567,27.72202,28.07666,25.98978,26.95563,20.89899,21.66014,25.71495,27.52772,22.50425,27.73179,23.74141,22.02477,21.60797,23.45268,26.20421,28.28246,26.11690,22.18108,23.44926,21.69700,20.90591,26.40510,26.60228,26.73725,21.28690,21.48308,21.54308,22.36320,21.37906,23.46914,27.14204,28.01657,26.08728,22.85619,20.14564,19.99797,23.02103,23.23866,22.67418,22.37457,25.77611,25.36038,23.63019,20.43723,21.42530,22.12506,22.88741,19.85334,25.51771,21.91258,22.10059,21.92704,19.54873,24.14813,23.55177,25.50015,28.18061,25.82141,23.59766,21.94153,21.71355,22.02233,31.09567,40.26622,28.30141,23.90657,20.81767,22.23580,23.94949,20.97685,25.16567,28.65438,20.22704,25.12804,25.76450,22.17182,25.05057,24.03927,23.52419,26.99689,24.18299,22.82651,24.10551,22.66114,22.33952,24.71868,26.49688,29.36300,24.05191,25.17362,20.81137,23.77561,23.91674,28.01175,27.15590,27.85623,27.67188,26.05559,21.09308,20.29163,26.35894,23.45527,28.65751,22.04329,27.99231,28.49570,28.15095,19.79219,20.38282,24.84562,24.79816,21.13727,26.49448,28.29585,25.26684,22.27978,21.05613,22.88395,26.41607,26.15035,24.38349,30.21629,26.96681,22.15778,21.12078,23.06494,27.72202,28.30141,45.65731,30.39334,24.30108,22.14553,24.71212,27.85248,23.97238,27.00534,17.65301,22.77678,27.82493,26.88907,27.31735,24.94088,19.73710,24.72183,25.10180,24.51489,24.92991,24.26022,23.94801,26.65352,26.35533,28.26467,27.64576,21.60844,25.93442,23.00189,26.28738,25.59032,23.90035,24.67864,29.52712,26.35202,26.39836,26.28876,28.55366,25.86649,27.24723,21.97537,25.12448,28.66388,29.21998,22.45136,27.34796,28.56663,24.98832,24.04672,24.27285,26.65063,31.07618,25.85104,23.81698,25.11794,28.04472,25.73187,22.80653,32.65976,30.88574,27.61165,25.10846,25.69951,28.07666,23.90657,30.39334,45.62679,26.25258,24.49300,24.85101,23.56250,19.34871,19.72928,15.89428,20.06089,27.20805,23.80624,25.61312,29.21803,17.21918,22.27950,23.51171,23.82926,24.73778,21.34625,23.62035,25.91357,22.89021,26.93320,24.29167,23.46895,22.49128,23.61478,24.98726,25.42430,19.43492,21.86886,27.71229,27.07444,22.85870,23.35296,24.47463,23.61255,22.27720,22.57312,19.33856,25.62219,25.14394,23.48301,24.45902,27.55733,24.73163,25.43761,22.85887,21.54907,26.99874,23.05297,24.93853,24.75488,27.62001,26.68061,22.38057,22.18314,25.20719,24.52428,21.15427,23.26917,25.98978,20.81767,24.30108,26.25258,39.28576,24.95300,25.71970,25.52504,26.90159,22.04528,22.80062,23.90386,26.46329,25.77408,24.64826,27.33755,20.49450,21.62291,26.10014,24.55195,28.39772,26.44482,25.92003,25.78067,21.59780,24.16264,23.58235,25.27360,22.58463,21.45549,27.58750,25.05305,21.82455,21.92739,26.27587,26.45916,24.51042,27.24223,25.31281,31.19997,24.26945,25.83301,22.52531,24.41811,25.51908,25.84310,26.90441,24.74638,25.24921,24.90625,25.54583,20.30480,26.59301,21.78000,26.89870,31.19944,24.74679,24.54365,22.45598,24.66542,24.71244,26.11612,25.70827,23.23170,26.95563,22.23580,22.14553,24.49300,24.95300,41.08394