42.92450,23.42863,25.62610,18.37713,22.66216,24.72203,30.49679,28.76386,27.29431,26.40412,24.80784,20.33201,24.66303,27.13425,23.57491,25.90469,25.01713,27.78922,24.55188,23.92314,22.96146,27.68775,26.52646,27.96974,24.33581,26.00775,21.45963,22.28173,24.39626,25.41606,31.32581,24.19530,28.67285,25.23862,18.99250,21.83812,20.04619,25.72780,27.08461,24.84930,27.02951,26.48472,19.18608,25.27013,24.72670,22.28692,21.29560,26.26088,27.44088,25.12696,23.63470,23.35551,28.21679,24.48379,22.82547,27.73735,24.59603,26.36448,30.61696,24.35677,21.64662,20.85918,24.01364,28.49383,23.42863,40.29650,25.98059,23.00417,21.67358,25.36393,26.03025,25.67220,25.31550,23.43541,22.64836,23.66477,22.71373,22.62230,25.58412,23.30426,24.80591,27.35355,23.09120,23.50140,24.94071,27.80606,26.16577,25.61141,26.42317,24.92302,20.18719,24.06581,25.55556,23.74788,25.32688,24.87944,25.90191,27.44039,18.78036,20.70565,23.58192,25.32742,25.55811,23.65921,27.33530,29.11675,22.24558,22.18346,24.01199,20.25392,26.15147,24.43354,26.06387,27.82112,19.21032,18.96575,29.37807,22.89200,23.89691,29.43397,26.44675,27.25230,27.63574,23.07089,18.69222,25.11684,26.76751,27.75090,25.62610,25.98059,42.79042,24.31831,23.24738,26.80162,26.69064,23.87788,24.45934,27.08275,25.94964,21.04053,22.65935,25.34710,24.14591,25.58603,25.56145,27.42361,22.89768,20.03608,24.28012,25.37132,24.71323,23.28107,23.44402,23.88003,21.89441,23.27842,24.43477,26.96534,24.65619,23.48594,27.58875,28.94147,17.75099,20.29617,22.63773,25.56790,29.01717,26.32478,26.05948,26.21039,19.19282,23.28824,24.01866,18.14363,24.17410,25.60343,26.30353,29.17730,20.53880,22.21452,26.48813,24.10720,20.96472,29.74787,25.42861,26.11022,30.80300,26.36991,20.56807,22.37847,20.91589,29.15812,18.37713,23.00417,24.31831,40.79025,17.55806,20.42487,20.73307,21.36822,19.13251,21.14884,27.00599,24.27123,21.48079,21.06334,20.96487,19.26007,21.89142,22.36853,25.48288,22.08761,22.34098,22.37347,21.44853,21.05346,21.07018,20.97392,24.17544,23.67686,23.68250,23.26327,22.17713,20.73173,21.31635,25.13766,23.72916,21.53605,22.35574,23.38306,24.47161,19.35142,22.94490,24.85240,20.76064,22.82617,24.61899,20.50633,23.66012,21.42032,20.31504,22.55164,23.44245,21.67559,21.69169,26.31821,24.76552,24.09211,21.24554,20.19819,24.17476,25.96088,23.45105,26.03203,19.89782,20.95836,22.66216,21.67358,23.24738,17.55806,44.30815,22.97965,23.20734,20.08479,18.56770,22.30891,18.46705,24.25756,26.32879,21.96005,18.09986,21.99988,21.19186,21.83998,21.62971,25.12929,19.42881,20.78033,18.91155,20.65328,18.64865,18.11779,19.43257,22.50640,23.97053,21.93882,20.98065,18.66568,19.39919,22.88582,15.23807,21.55412,16.68097,22.96015,21.04099,23.76719,20.91083,17.77746,19.19863,20.01288,24.17791,19.10948,15.59146,18.85338,17.30036,23.28586,15.28149,19.45146,25.81046,22.83234,16.75557,20.17493,22.01707,21.04997,20.45042,21.49951,16.58399,19.45848,20.13623,25.70546,24.72203,25.36393,26.80162,20.42487,22.97965,40.22652,25.04053,21.89120,21.24493,25.15605,21.78823,22.00332,22.94308,23.89045,25.14440,26.72845,23.07912,24.09364,21.01393,19.36768,24.78248,23.94894,24.24261,23.54818,22.41831,22.50879,21.62305,23.85355,25.56585,26.28174,25.37267,22.67830,26.08786,23.80358,17.76935,18.52650,23.39555,22.07100,25.62929,25.94339,23.12747,25.14192,19.96472,20.69283,22.88666,20.07820,20.90407,22.00654,21.10741,24.77187,19.75554,21.73258,25.51804,22.36377,22.08067,24.64157,22.98119,26.46810,29.32308,24.71331,20.12409,23.04901,24.70187,27.97444,30.49679,26.03025,26.69064,20.73307,23.20734,25.04053,42.26550,28.85574,27.56078,26.62720,23.41536,22.32917,23.83740,26.66931,28.42313,26.33499,26.42550,29.71166,24.39540,22.60281,27.02809,26.29406,24.21088,26.28316,27.82704,30.95086,22.19240,26.83350,23.20334,25.29993,27.58790,25.39933,29.24562,27.08066,19.91994,21.33301,22.53639,26.73449,29.70501,27.19514,26.66260,30.12718,22.25472,25.85978,25.90775,24.61164,22.32955,25.39316,27.96887,31.02957,24.13199,21.25640,26.46902,22.91831,19.47923,29.35893,26.77498,26.90991,30.32828,26.32131,20.43418,24.56886,27.48223,28.93178,28.76386,25.67220,23.87788,21.36822,20.08479,21.89120,28.85574,36.93369,25.67424,25.10568,22.66082,19.37848,22.26566,23.83487,24.87490,23.73917,25.11182,27.62614,25.26536,23.95896,22.92050,25.49012,24.42995,24.35537,22.22080,28.44023,20.49785,21.45104,22.02414,24.43920,27.98482,26.82482,27.14623,27.47259,18.18938,21.65961,19.28787,23.14848,27.00621,24.75803,26.84418,28.92657,20.26121,24.59140,25.35709,20.77964,23.10538,29.60381,26.27261,26.91666,23.18769,20.81608,27.67458,23.06643,19.18583,27.95518,24.58253,26.70459,31.92776,25.42412,20.53276,22.15340,26.08493,26.63802,27.29431,25.31550,24.45934,19.13251,18.56770,21.24493,27.56078,25.67424,36.54202,23.84545,21.33800,18.98648,24.13495,23.63286,25.43619,25.31012,24.89519,25.59088,23.19602,23.31769,27.31105,27.27791,24.60944,24.33841,24.66282,24.79748,20.00499,23.35195,21.55403,22.51031,23.13432,27.76334,27.40954,27.11282,17.35734,20.54545,19.05811,21.85284,24.05984,25.17637,24.49721,25.50092,18.26958,21.84415,23.12720,20.79312,24.28185,26.33654,26.67827,24.71210,23.76027,20.82333,24.94175,20.82366,22.15263,28.58511,25.71133,25.91905,28.46659,21.88782,18.58182,21.25563,25.02173,25.53312,26.40412,23.43541,27.08275,21.14884,22.30891,25.15605,26.62720,25.10568,23.84545,38.49275,24.65677,21.30656,25.58999,26.81867,25.65528,27.22671,26.23989,27.03528,21.95511,21.14341,24.18974,25.76972,25.67241,25.55277,25.17290,24.68051,19.98771,23.35211,23.46405,28.14610,27.81045,24.26180,26.19760,27.02610,18.28831,23.55037,18.41554,24.63892,26.87568,24.57792,23.37367,26.42513,17.96976,21.53721,23.18622,21.21249,22.84213,27.18096,21.76414,27.09908,19.61284,20.48838,24.52228,23.64486,20.33648,27.15243,25.43584,27.08806,29.08274,25.46564,20.38587,20.69962,27.63160,27.90266,24.80784,22.64836,25.94964,27.00599,18.46705,21.78823,23.41536,22.66082,21.33800,24.65677,45.73567,23.43741,23.08674,19.76684,23.21119,23.67528,22.58642,24.29390,26.41092,20.79542,20.85490,25.76580,25.41017,23.78891,21.19987,20.84211,24.33437,27.31705,23.45124,24.91793,22.42462,22.02633,25.99523,26.52593,21.75190,21.07981,21.06473,28.13816,25.17005,21.95610,22.21648,27.56585,19.59840,20.93719,25.12576,20.63180,22.58987,22.89146,23.16515,23.89650,27.25213,19.56298,25.01223,23.55751,21.31849,25.25397,26.05413,22.65675,25.89906,29.29334,23.13090,21.09314,19.18457,22.83508,20.33201,23.66477,21.04053,24.27123,24.25756,22.00332,22.32917,19.37848,18.98648,21.30656,23.43741,39.89713,23.95422,19.16172,20.00415,21.17324,21.43134,21.77180,26.52064,25.73807,21.45055,20.57270,21.66935,19.72614,21.85823,16.87760,25.79549,27.53406,24.42480,21.43996,20.16408,18.12842,20.73380,23.30215,19.59728,21.28358,24.92421,27.37755,23.47812,20.31240,19.19653,24.48195,26.28526,23.24891,26.59633,24.80664,24.93860,18.45186,20.62515,22.23887,22.17022,26.44928,26.35378,22.90300,23.61993,22.99270,20.88683,21.70294,21.54173,26.50276,23.74093,27.26473,24.21325,23.17484,24.66303,22.71373,22.65935,21.48079,26.32879,22.94308,23.83740,22.26566,24.13495,25.58999,23.08674,23.95422,42.73980,25.44931,24.68006,25.28569,21.14988,23.18478,20.37925,25.54347,25.29611,22.69610,23.09531,22.34356,23.22692,18.72269,21.15916,27.60931,24.82766,25.61649,22.20494,23.94785,24.69883,23.64193,16.74707,23.83650,17.69140,24.81494,24.12935,23.68062,24.14042,22.61407,18.29431,22.03883,25.52267,19.84379,22.77800,23.14004,21.68155,23.44540,20.23428,23.61654,25.06323,20.41393,22.43424,24.82856,25.19797,24.21326,23.49457,23.41736,19.87264,22.17857,23.99697,26.52018,27.13425,22.62230,25.34710,21.06334,21.96005,23.89045,26.66931,23.83487,23.63286,26.81867,19.76684,19.16172,25.44931,36.78389,23.82902,23.68014,25.51365,26.50369,20.31033,21.62525,22.56658,24.03697,21.94778,22.80131,21.73648,23.96423,19.51070,20.66977,19.88894,26.31740,27.77721,21.91897,24.55308,23.89373,17.12569,20.89406,20.54500,25.31903,24.93740,23.65906,25.84756,23.16893,17.56685,24.57555,20.58702,19.01277,22.08914,23.52384,23.51098,24.15031,19.27625,21.17319,23.04894,22.06204,20.72542,23.69043,23.03278,25.82646,26.32066,21.61169,19.55773,20.75578,24.96927,25.41381,23.57491,25.58412,24.14591,20.96487,18.09986,25.14440,28.42313,24.87490,25.43619,25.65528,23.21119,20.00415,24.68006,23.82902,39.64350,25.83888,24.84756,26.16916,21.86713,20.85289,29.25036,29.92740,25.47969,25.38341,26.17627,27.57216,20.26383,27.13882,24.51836,23.90311,22.73015,26.50762,28.36892,27.23837,18.85833,20.65675,19.11400,23.93932,25.50929,22.96526,24.47736,26.07291,20.43084,19.72875,22.22217,19.42621,25.61926,23.46386,24.52361,28.35755,21.81576,19.59731,25.69143,19.08719,20.00897,28.08790,23.89811,29.28822,28.12251,24.70469,20.23463,22.69219,26.64532,29.66892,25.90469,23.30426,25.58603,19.26007,21.99988,26.72845,26.33499,23.73917,25.31012,27.22671,23.67528,21.17324,25.28569,23.68014,25.83888,37.83137,25.09439,26.90921,20.22041,20.42619,24.80030,26.44521,25.55089,24.51191,26.24079,22.40874,19.27080,23.04081,23.95546,25.19066,26.32762,26.23741,26.82378,28.19015,17.05637,21.30683,19.08190,22.72514,25.73321,25.67950,21.27211,26.69754,17.43518,22.20675,23.96720,18.20100,20.21655,23.38182,22.00883,26.86485,21.17824,22.36413,23.16763,22.07849,19.64828,25.60305,29.77310,24.47903,28.15289,23.38345,18.97686,20.76519,24.39214,31.34943,25.01713,24.80591,25.56145,21.89142,21.19186,23.07912,26.42550,25.11182,24.89519,26.23989,22.58642,21.43134,21.14988,25.51365,24.84756,25.09439,36.25095,25.35069,22.98547,23.58941,25.21095,25.72862,25.90770,23.20049,23.20501,22.32658,20.24260,21.95973,21.03162,24.42684,28.19265,25.36618,25.84766,26.58313,17.04737,18.96506,20.04760,25.12358,24.02063,24.47201,26.79224,28.20642,20.81419,24.38886,24.61571,19.23544,24.11747,24.72934,26.18298,27.01818,22.55126,22.09913,23.38444,22.20390,21.53979,28.09836,28.03892,25.68049,26.61997,22.22872,18.55628,21.25452,26.06371,26.86798,27.78922,27.35355,27.42361,22.36853,21.83998,24.09364,29.71166,27.62614,25.59088,27.03528,24.29390,21.77180,23.18478,26.50369,26.16916,26.90921,25.35069,39.92729,24.28413,22.44349,25.63672,27.56577,28.24893,26.06925,27.42197,27.45055,20.09540,23.68047,24.88801,28.06489,29.22343,24.89834,26.75863,27.36801,18.87668,22.37659,22.41371,26.09166,29.56087,25.30930,26.27450,28.47118,20.27673,22.49896,23.62143,18.89131,24.92727,25.60758,28.84076,27.71344,21.82555,21.13311,26.44520,24.25848,21.12059,27.98948,26.11755,26.15977,31.73522,26.56691,20.20716,23.17625,28.44683,27.54831,24.55188,23.09120,22.89768,25.48288,21.62971,21.01393,24.39540,25.26536,23.19602,21.95511,26.41092,26.52064,20.37925,20.31033,21.86713,20.22041,22.98547,24.28413,43.64139,22.90047,23.25990,24.66956,21.66245,21.15626,19.53562,23.77256,30.87699,22.55079,22.77473,21.33645,22.40862,22.97725,24.07717,26.86081,19.13375,21.90105,24.03398,27.08713,23.49677,21.54959,23.17203,26.32467,25.11396,24.94027,26.35326,23.86358,27.09651,23.33538,23.59626,20.97100,28.21433,21.80501,29.30957,25.62808,25.53711,24.92787,20.47515,23.85647,27.26825,27.49480,23.10414,25.67750,23.49052,23.47831,23.92314,23.50140,20.03608,22.08761,25.12929,19.36768,22.60281,23.95896,23.31769,21.14341,20.79542,25.73807,25.54347,21.62525,20.85289,20.42619,23.58941,22.44349,22.90047,45.52425,23.32709,21.58100,22.04646,21.00639,22.23062,19.61275,19.96813,27.04303,26.27357,25.17842,22.44105,21.75777,21.93064,22.75985,22.51346,21.52549,19.47213,24.76339,22.23285,23.24331,23.76721,24.94695,22.44442,23.67741,29.17468,20.85728,23.62901,21.69692,24.50454,24.60828,26.07196,23.76814,26.17817,23.11079,24.12545,21.78133,22.43700,22.55633,22.40610,23.25902,23.36526,24.33329,26.31172,23.96383,22.96146,24.94071,24.28012,22.34098,19.42881,24.78248,27.02809,22.92050,27.31105,24.18974,20.85490,21.45055,25.29611,22.56658,29.25036,24.80030,25.21095,25.63672,23.25990,23.32709,39.08422,27.67903,25.92417,20.99115,23.12142,24.77936,20.57784,25.63286,26.39624,24.32465,21.29006,27.17379,26.92775,26.56575,17.81939,20.50594,19.62852,23.54870,27.04545,25.71945,24.23358,25.21584,20.51233,21.56490,24.21828,20.94511,24.13516,21.50881,24.75057,23.23577,21.46043,21.19055,24.03534,21.19361,21.49170,26.18085,23.93294,27.74144,26.19270,21.42757,17.67756,22.61101,25.15467,26.03377,27.68775,27.80606,25.37132,22.37347,20.78033,23.94894,26.29406,25.49012,27.27791,25.76972,25.76580,20.57270,22.69610,24.03697,29.92740,26.44521,25.72862,27.56577,24.66956,21.58100,27.67903,38.74997,28.46145,27.28975,25.90847,26.47435,21.91518,24.87886,25.83779,24.55731,24.57537,26.23951,28.12786,28.51983,19.68544,20.95882,20.32987,25.26397,26.65713,23.57956,24.40324,25.21791,19.46593,21.55465,23.67992,20.62216,23.56207,24.42009,26.38547,26.42585,22.62601,20.63760,29.17851,22.72522,22.60840,28.44862,25.95786,26.27152,27.59967,23.57110,20.88709,20.48936,22.95632,27.13671,26.52646,26.16577,24.71323,21.44853,18.91155,24.24261,24.21088,24.42995,24.60944,25.67241,25.41017,21.66935,23.09531,21.94778,25.47969,25.55089,25.90770,28.24893,21.66245,22.04646,25.92417,28.46145,35.96983,26.74584,24.29746,22.30783,20.16087,24.44349,26.21822,26.13880,26.64094,24.88069,24.47473,25.61029,18.85079,19.11828,19.70974,24.47048,25.93329,24.22967,25.17726,27.20456,18.79164,21.12460,23.58204,20.24701,24.11881,23.79695,25.49119,24.74483,21.07634,22.40238,25.93546,22.78232,20.77947,28.15335,26.42908,26.79476,28.81528,24.95912,19.79482,22.06541,24.29611,23.96615,27.96974,25.61141,23.28107,21.05346,20.65328,23.54818,26.28316,24.35537,24.33841,25.55277,23.78891,19.72614,22.34356,22.80131,25.38341,24.51191,23.20049,26.06925,21.15626,21.00639,20.99115,27.28975,26.74584,40.08822,23.71887,23.92276,19.31383,24.61508,21.55893,25.01410,28.02257,20.69944,24.26520,25.24364,17.77940,19.12418,20.18862,22.24125,24.82976,23.14479,25.84818,22.89594,18.39054,21.36179,22.62576,21.80393,20.34185,26.49900,24.14511,26.76922,19.38838,19.10297,26.85441,22.26329,21.19512,28.18773,26.25242,24.42974,28.74486,25.38808,20.40960,21.02107,24.73944,24.63858,24.33581,26.42317,23.44402,21.07018,18.64865,22.41831,27.82704,22.22080,24.66282,25.17290,21.19987,21.85823,23.22692,21.73648,26.17627,26.24079,23.20501,27.42197,19.53562,22.23062,23.12142,25.90847,24.29746,23.71887,37.01779,22.18323,18.72565,22.49174,25.08899,25.00021,27.07752,22.82582,24.93023,25.95185,18.42406,20.45221,19.16639,22.88232,25.61403,20.96937,20.87133,28.16459,18.90706,18.41387,22.64172,20.28415,21.11414,21.70230,24.00500,27.94877,21.12671,19.77637,21.73332,21.25011,21.11290,27.03863,23.95104,22.72563,26.44423,22.24598,18.78071,21.41834,23.52700,29.09868,26.00775,24.92302,23.88003,20.97392,18.11779,22.50879,30.95086,28.44023,24.79748,24.68051,20.84211,16.87760,18.72269,23.96423,27.57216,22.40874,22.32658,27.45055,23.77256,19.61275,24.77936,26.47435,22.30783,23.92276,22.18323,39.42015,19.21604,20.38425,22.65408,24.95756,24.53151,24.86820,24.81434,27.87249,18.57333,18.53071,20.77466,23.81227,26.01475,22.57817,23.61999,27.48416,19.64362,24.34650,20.08423,21.09082,21.24744,24.42849,24.52635,25.20331,22.71803,18.54972,25.85515,22.74856,18.77331,25.19234,21.67082,26.62159,30.16130,24.37694,20.91565,21.13035,27.12151,25.50491,21.45963,20.18719,21.89441,24.17544,19.43257,21.62305,22.19240,20.49785,20.00499,19.98771,24.33437,25.79549,21.15916,19.51070,20.26383,19.27080,20.24260,20.09540,30.87699,19.96813,20.57784,21.91518,20.16087,19.31383,18.72565,19.21604,37.09246,22.99213,20.64170,20.04180,20.24996,19.87805,21.64657,22.19542,21.42363,21.54067,23.98329,24.67799,21.16391,19.81441,19.98413,21.65968,25.64947,25.77680,24.70675,22.67583,24.71866,18.54032,20.16314,19.61772,23.49626,24.41572,25.28600,24.59841,23.58509,21.80787,20.20353,21.30297,23.04295,27.71775,23.92348,26.02058,21.14505,20.35846,22.28173,24.06581,23.27842,23.67686,22.50640,23.85355,26.83350,21.45104,23.35195,23.35211,27.31705,27.53406,27.60931,20.66977,27.13882,23.04081,21.95973,23.68047,22.55079,27.04303,25.63286,24.87886,24.44349,24.61508,22.49174,20.38425,22.99213,46.50110,27.89729,25.06897,19.23296,24.52577,26.95365,24.47990,22.54979,21.61198,19.42360,27.45753,26.18637,23.50910,22.90914,25.16143,20.60128,21.94546,27.96226,23.56636,24.75291,23.10822,23.14226,27.32046,22.62635,25.11779,27.36236,19.87444,22.25071,24.94295,26.76419,24.20623,25.14354,28.62099,22.79979,24.94741,25.79208,24.68814,24.39626,25.55556,24.43477,23.68250,23.97053,25.56585,23.20334,22.02414,21.55403,23.46405,23.45124,24.42480,24.82766,19.88894,24.51836,23.95546,21.03162,24.88801,22.77473,26.27357,26.39624,25.83779,26.21822,21.55893,25.08899,22.65408,20.64170,27.89729,45.34148,28.06758,23.26269,24.21144,23.64689,25.90475,19.01414,21.30516,20.70011,28.22328,27.23878,24.22084,22.42067,25.37200,21.87955,18.68506,23.76434,19.17577,21.97805,19.09701,21.87953,23.63534,21.54362,22.87154,27.96257,22.80123,22.59357,23.12417,22.93515,23.03652,24.60471,25.00606,20.23823,20.90595,23.53407,25.88894,25.41606,23.74788,26.96534,23.26327,21.93882,26.28174,25.29993,24.43920,22.51031,28.14610,24.91793,21.43996,25.61649,26.31740,23.90311,25.19066,24.42684,28.06489,21.33645,25.17842,24.32465,24.55731,26.13880,25.01410,25.00021,24.95756,20.04180,25.06897,28.06758,41.65409,28.26446,23.83474,23.24789,25.18480,18.49041,21.00641,18.21535,27.99241,27.82901,26.42226,24.84060,24.35404,16.69180,23.61109,20.94135,18.92920,23.84506,22.75993,23.20319,28.25271,22.16816,23.84634,25.10337,25.33975,21.96949,24.34010,26.51336,23.74253,27.85216,23.91140,20.15712,19.79273,25.82703,26.33052,31.32581,25.32688,24.65619,22.17713,20.98065,25.37267,27.58790,27.98482,23.13432,27.81045,22.42462,20.16408,22.20494,27.77721,22.73015,26.32762,28.19265,29.22343,22.40862,22.44105,21.29006,24.57537,26.64094,28.02257,27.07752,24.53151,20.24996,19.23296,23.26269,28.26446,41.19294,24.35039,26.43928,25.63775,16.82628,20.86216,20.49030,25.18180,26.08259,22.68818,25.59345,28.67152,20.25120,25.90977,22.85073,20.86836,21.57844,25.42666,23.86812,25.26153,20.59579,20.89769,25.09223,25.07213,21.05902,26.43988,24.49873,24.55159,29.90141,22.87732,20.01576,23.11478,27.21420,27.77984,24.19530,24.87944,23.48594,20.73173,18.66568,22.67830,25.39933,26.82482,27.76334,24.26180,22.02633,18.12842,23.94785,21.91897,26.50762,26.23741,25.36618,24.89834,22.97725,21.75777,27.17379,26.23951,24.88069,20.69944,22.82582,24.86820,19.87805,24.52577,24.21144,23.83474,24.35039,37.40064,28.07860,26.25122,18.80922,22.22929,17.92958,22.68531,24.29941,24.18778,25.65238,28.08480,17.51904,23.59107,24.18368,19.55874,23.19671,26.29750,25.13883,25.17561,22.58868,21.18822,25.09669,22.47076,21.28366,26.90904,27.25534,26.33815,27.64176,21.41123,17.77015,21.45529,26.41297,27.36516,28.67285,25.90191,27.58875,21.31635,19.39919,26.08786,29.24562,27.14623,27.40954,26.19760,25.99523,20.73380,24.69883,24.55308,28.36892,26.82378,25.84766,26.75863,24.07717,21.93064,26.92775,28.12786,24.47473,24.26520,24.93023,24.81434,21.64657,26.95365,23.64689,23.24789,26.43928,28.07860,38.90997,26.08234,18.51587,20.89322,19.49929,25.48452,28.98081,24.49573,24.51233,30.57222,21.81456,23.15717,27.01875,21.48243,25.10087,28.18178,26.15520,28.38247,24.43804,20.78173,26.24820,23.21868,23.23470,29.56359,24.94391,26.81706,30.21372,24.55484,20.89819,23.80889,26.09308,28.84180,25.23862,27.44039,28.94147,25.13766,22.88582,23.80358,27.08066,27.47259,27.11282,27.02610,26.52593,23.30215,23.64193,23.89373,27.23837,28.19015,26.58313,27.36801,26.86081,22.75985,26.56575,28.51983,25.61029,25.24364,25.95185,27.87249,22.19542,24.47990,25.90475,25.18480,25.63775,26.25122,26.08234,42.96220,20.37467,25.92996,23.25734,26.65160,25.31473,26.16147,24.60020,31.30626,23.30990,21.72011,26.96005,23.29803,27.34997,27.42044,24.70002,28.47480,26.86728,22.36099,28.20222,25.11631,24.17554,29.96621,28.39213,27.88981,29.88743,28.01608,23.23395,23.90973,25.91888,32.83861,18.99250,18.78036,17.75099,23.72916,15.23807,17.76935,19.91994,18.18938,17.35734,18.28831,21.75190,19.59728,16.74707,17.12569,18.85833,17.05637,17.04737,18.87668,19.13375,22.51346,17.81939,19.68544,18.85079,17.77940,18.42406,18.57333,21.42363,22.54979,19.01414,18.49041,16.82628,18.80922,18.51587,20.37467,36.53111,20.27312,20.71713,19.29897,22.13598,17.27336,17.30712,21.63414,19.69380,20.74266,20.47347,20.05999,21.39416,16.31908,18.68693,20.28597,24.00951,22.93701,19.77137,24.35974,21.45521,18.54022,18.47573,18.40294,19.02442,21.41774,25.52428,22.64394,20.47100,18.84486,21.83812,20.70565,20.29617,21.53605,21.55412,18.52650,21.33301,21.65961,20.54545,23.55037,21.07981,21.28358,23.83650,20.89406,20.65675,21.30683,18.96506,22.37659,21.90105,21.52549,20.50594,20.95882,19.11828,19.12418,20.45221,18.53071,21.54067,21.61198,21.30516,21.00641,20.86216,22.22929,20.89322,25.92996,20.27312,41.31673,22.08981,25.05345,21.46716,21.52772,19.53080,22.97373,20.37225,20.90698,21.07811,21.31609,25.74615,21.38724,19.86772,21.31445,20.93102,21.12138,23.12831,24.68156,20.87127,21.79651,22.07266,21.07572,22.14073,22.49030,22.50804,22.58549,22.51295,23.60797,20.04619,23.58192,22.63773,22.35574,16.68097,23.39555,22.53639,19.28787,19.05811,18.41554,21.06473,24.92421,17.69140,20.54500,19.11400,19.08190,20.04760,22.41371,24.03398,19.47213,19.62852,20.32987,19.70974,20.18862,19.16639,20.77466,23.98329,19.42360,20.70011,18.21535,20.49030,17.92958,19.49929,23.25734,20.71713,22.08981,40.84842,27.81506,22.35240,18.61262,20.27126,23.79383,26.14928,22.13158,18.04011,19.37042,26.85785,19.33770,21.94770,18.90920,21.51008,22.44165,23.01815,22.97170,22.84745,21.60075,17.85027,20.65755,23.65974,26.24992,21.85910,24.72741,21.39763,20.88621,25.72780,25.32742,25.56790,23.38306,22.96015,22.07100,26.73449,23.14848,21.85284,24.63892,28.13816,27.37755,24.81494,25.31903,23.93932,22.72514,25.12358,26.09166,27.08713,24.76339,23.54870,25.26397,24.47048,22.24125,22.88232,23.81227,24.67799,27.45753,28.22328,27.99241,25.18180,22.68531,25.48452,26.65160,19.29897,25.05345,27.81506,44.50602,27.04626,22.85368,23.46090,27.13378,24.45487,26.86414,22.70003,20.79367,30.68802,22.60495,23.94944,24.13794,23.73021,24.65963,26.59284,24.54426,23.63820,25.03030,22.93108,23.71496,25.31271,28.74072,25.04089,24.80217,24.19443,24.95683,27.08461,25.55811,29.01717,24.47161,21.04099,25.62929,29.70501,27.00621,24.05984,26.87568,25.17005,23.47812,24.12935,24.93740,25.50929,25.73321,24.02063,29.56087,23.49677,22.23285,27.04545,26.65713,25.93329,24.82976,25.61403,26.01475,21.16391,26.18637,27.23878,27.82901,26.08259,24.29941,28.98081,25.31473,22.13598,21.46716,22.35240,27.04626,42.25434,22.59733,23.45908,27.20125,20.64803,22.89218,23.49486,19.73748,24.82315,23.91267,25.88533,27.64752,22.11326,23.48237,24.50376,25.04722,21.68724,28.17479,23.69314,26.30674,29.50585,26.49325,22.14618,25.28000,23.68643,26.67493,24.84930,23.65921,26.32478,19.35142,23.76719,25.94339,27.19514,24.75803,25.17637,24.57792,21.95610,20.31240,23.68062,23.65906,22.96526,25.67950,24.47201,25.30930,21.54959,23.24331,25.71945,23.57956,24.22967,23.14479,20.96937,22.57817,19.81441,23.50910,24.22084,26.42226,22.68818,24.18778,24.49573,26.16147,17.27336,21.52772,18.61262,22.85368,22.59733,35.32941,26.35574,24.84498,19.32707,23.06423,24.20146,20.50685,22.43640,24.45574,24.41507,26.27501,21.29682,22.40501,25.63887,20.98967,21.84771,25.11398,27.61806,26.41943,25.82053,22.18484,16.68458,19.09691,25.51921,27.68793,27.02951,27.33530,26.05948,22.94490,20.91083,23.12747,26.66260,26.84418,24.49721,23.37367,22.21648,19.19653,24.14042,25.84756,24.47736,21.27211,26.79224,26.27450,23.17203,23.76721,24.23358,24.40324,25.17726,25.84818,20.87133,23.61999,19.98413,22.90914,22.42067,24.84060,25.59345,25.65238,24.51233,24.60020,17.30712,19.53080,20.27126,23.46090,23.45908,26.35574,38.35561,25.08250,20.10375,25.09515,24.85425,18.02535,23.47352,26.71935,27.92548,24.66496,18.87431,22.17086,28.11816,23.03211,22.71948,29.31101,27.29219,26.40742,26.66474,23.83419,17.30649,22.62106,25.56615,24.54573,26.48472,29.11675,26.21039,24.85240,17.77746,25.14192,30.12718,28.92657,25.50092,26.42513,27.56585,24.48195,22.61407,23.16893,26.07291,26.69754,28.20642,28.47118,26.32467,24.94695,25.21584,25.21791,27.20456,22.89594,28.16459,27.48416,21.65968,25.16143,25.37200,24.35404,28.67152,28.08480,30.57222,31.30626,21.63414,22.97373,23.79383,27.13378,27.20125,24.84498,25.08250,43.56170,23.26817,25.38961,29.11524,24.59117,26.36671,27.44303,26.74208,30.30060,28.53967,23.17608,25.30826,26.38318,23.57055,29.78529,26.59400,27.90066,30.54081,26.49395,23.18050,26.61223,29.89212,29.09544,19.18608,22.24558,19.19282,20.76064,19.19863,19.96472,22.25472,20.26121,18.26958,17.96976,19.59840,26.28526,18.29431,17.56685,20.43084,17.43518,20.81419,20.27673,25.11396,22.44442,20.51233,19.46593,18.79164,18.39054,18.90706,19.64362,25.64947,20.60128,21.87955,16.69180,20.25120,17.51904,21.81456,23.30990,19.69380,20.37225,26.14928,24.45487,20.64803,19.32707,20.10375,23.26817,41.11236,23.62651,25.62709,24.34435,24.23035,17.86219,19.66958,19.86248,22.20082,23.51944,23.95505,23.03367,22.11894,22.38407,17.19404,20.56244,21.12871,26.46019,24.37789,26.88115,24.07020,21.27551,25.27013,22.18346,23.28824,22.82617,20.01288,20.69283,25.85978,24.59140,21.84415,21.53721,20.93719,23.24891,22.03883,24.57555,19.72875,22.20675,24.38886,22.49896,24.94027,23.67741,21.56490,21.55465,21.12460,21.36179,18.41387,24.34650,25.77680,21.94546,18.68506,23.61109,25.90977,23.59107,23.15717,21.72011,20.74266,20.90698,22.13158,26.86414,22.89218,23.06423,25.09515,25.38961,23.62651,45.30891,27.02811,22.99797,23.39403,20.89904,24.35173,22.88332,24.05090,28.25683,28.07122,26.96210,23.79833,23.62473,23.39537,22.59417,25.09093,23.29140,21.78271,26.49226,26.69887,22.82489,24.72670,24.01199,24.01866,24.61899,24.17791,22.88666,25.90775,25.35709,23.12720,23.18622,25.12576,26.59633,25.52267,20.58702,22.22217,23.96720,24.61571,23.62143,26.35326,29.17468,24.21828,23.67992,23.58204,22.62576,22.64172,20.08423,24.70675,27.96226,23.76434,20.94135,22.85073,24.18368,27.01875,26.96005,20.47347,21.07811,18.04011,22.70003,23.49486,24.20146,24.85425,29.11524,25.62709,27.02811,47.30131,27.35914,19.94856,22.95220,23.96469,25.68505,26.16001,29.02702,28.84763,24.58992,21.41154,27.20815,25.80373,23.94279,25.77716,25.40062,23.60124,25.78009,23.92536,25.00172,22.28692,20.25392,18.14363,20.50633,19.10948,20.07820,24.61164,20.77964,20.79312,21.21249,20.63180,24.80664,19.84379,19.01277,19.42621,18.20100,19.23544,18.89131,23.86358,20.85728,20.94511,20.62216,20.24701,21.80393,20.28415,21.09082,22.67583,23.56636,19.17577,18.92920,20.86836,19.55874,21.48243,23.29803,20.05999,21.31609,19.37042,20.79367,19.73748,20.50685,18.02535,24.59117,24.34435,22.99797,27.35914,41.18570,19.15353,18.96901,17.46798,21.23402,21.67916,23.92633,25.00209,23.33184,18.67368,21.54481,19.04842,22.24013,23.40704,22.15461,21.58657,22.37042,23.02169,21.65319,21.29560,26.15147,24.17410,23.66012,15.59146,20.90407,22.32955,23.10538,24.28185,22.84213,22.58987,24.93860,22.77800,22.08914,25.61926,20.21655,24.11747,24.92727,27.09651,23.62901,24.13516,23.56207,24.11881,20.34185,21.11414,21.24744,24.71866,24.75291,21.97805,23.84506,21.57844,23.19671,25.10087,27.34997,21.39416,25.74615,26.85785,30.68802,24.82315,22.43640,23.47352,26.36671,24.23035,23.39403,19.94856,19.15353,45.54909,25.65451,26.04892,22.33335,26.76087,25.92095,23.89460,21.10836,29.89342,27.48271,21.82063,24.64466,26.11890,25.91578,22.37066,27.89146,28.92568,23.90803,26.26088,24.43354,25.60343,21.42032,18.85338,22.00654,25.39316,29.60381,26.33654,27.18096,22.89146,18.45186,23.14004,23.52384,23.46386,23.38182,24.72934,25.60758,23.33538,21.69692,21.50881,24.42009,23.79695,26.49900,21.70230,24.42849,18.54032,23.10822,19.09701,22.75993,25.42666,26.29750,28.18178,27.42044,16.31908,21.38724,19.33770,22.60495,23.91267,24.45574,26.71935,27.44303,17.86219,20.89904,22.95220,18.96901,25.65451,38.46716,27.05676,24.66916,21.83910,18.63888,25.25196,21.70220,22.19381,31.24466,23.88927,26.34675,32.02915,24.71360,19.68400,21.74780,25.93524,25.13276,27.44088,26.06387,26.30353,20.31504,17.30036,21.10741,27.96887,26.27261,26.67827,21.76414,23.16515,20.62515,21.68155,23.51098,24.52361,22.00883,26.18298,28.84076,23.59626,24.50454,24.75057,26.38547,25.49119,24.14511,24.00500,24.52635,20.16314,23.14226,21.87953,23.20319,23.86812,25.13883,26.15520,24.70002,18.68693,19.86772,21.94770,23.94944,25.88533,24.41507,27.92548,26.74208,19.66958,24.35173,23.96469,17.46798,26.04892,27.05676,36.37735,24.47961,24.05193,21.26961,27.19267,21.69974,21.68456,29.97543,24.78554,24.35673,28.61346,23.39451,18.70192,21.28827,25.23923,24.41650,25.12696,27.82112,29.17730,22.55164,23.28586,24.77187,31.02957,26.91666,24.71210,27.09908,23.89650,22.23887,23.44540,24.15031,28.35755,26.86485,27.01818,27.71344,20.97100,24.60828,23.23577,26.42585,24.74483,26.76922,27.94877,25.20331,19.61772,27.32046,23.63534,28.25271,25.26153,25.17561,28.38247,28.47480,20.28597,21.31445,18.90920,24.13794,27.64752,26.27501,24.66496,30.30060,19.86248,22.88332,25.68505,21.23402,22.33335,24.66916,24.47961,41.24150,23.81579,20.91987,25.73684,23.16747,20.37793,26.60505,28.52258,25.96857,28.76246,26.26296,20.75425,22.73248,26.50868,32.63062,23.63470,19.21032,20.53880,23.44245,15.28149,19.75554,24.13199,23.18769,23.76027,19.61284,27.25213,22.17022,20.23428,19.27625,21.81576,21.17824,22.55126,21.82555,28.21433,26.07196,21.46043,22.62601,21.07634,19.38838,21.12671,22.71803,23.49626,22.62635,21.54362,22.16816,20.59579,22.58868,24.43804,26.86728,24.00951,20.93102,21.51008,23.73021,22.11326,21.29682,18.87431,28.53967,22.20082,24.05090,26.16001,21.67916,26.76087,21.83910,24.05193,23.81579,41.96476,23.85938,23.35348,22.19611,23.63031,21.96768,20.78889,21.13561,26.66671,22.73846,23.47994,22.53526,24.20652,24.09252,23.35551,18.96575,22.21452,21.67559,19.45146,21.73258,21.25640,20.81608,20.82333,20.48838,19.56298,26.44928,23.61654,21.17319,19.59731,22.36413,22.09913,21.13311,21.80501,23.76814,21.19055,20.63760,22.40238,19.10297,19.77637,18.54972,24.41572,25.11779,22.87154,23.84634,20.89769,21.18822,20.78173,22.36099,22.93701,21.12138,22.44165,24.65963,23.48237,22.40501,22.17086,23.17608,23.51944,28.25683,29.02702,23.92633,25.92095,18.63888,21.26961,20.91987,23.85938,42.10661,24.97796,24.13713,24.63208,22.56824,22.93823,20.66574,23.38019,24.33902,23.26550,23.99350,24.20352,22.57476,28.21679,29.37807,26.48813,21.69169,25.81046,25.51804,26.46902,27.67458,24.94175,24.52228,25.01223,26.35378,25.06323,23.04894,25.69143,23.16763,23.38444,26.44520,29.30957,26.17817,24.03534,29.17851,25.93546,26.85441,21.73332,25.85515,25.28600,27.36236,27.96257,25.10337,25.09223,25.09669,26.24820,28.20222,19.77137,23.12831,23.01815,26.59284,24.50376,25.63887,28.11816,25.30826,23.95505,28.07122,28.84763,25.00209,23.89460,25.25196,27.19267,25.73684,23.35348,24.97796,45.87205,27.33041,24.39425,27.55263,25.77678,25.88852,27.31503,27.40740,22.46628,23.42383,26.64260,27.49513,24.48379,22.89200,24.10720,26.31821,22.83234,22.36377,22.91831,23.06643,20.82366,23.64486,23.55751,22.90300,20.41393,22.06204,19.08719,22.07849,22.20390,24.25848,25.62808,23.11079,21.19361,22.72522,22.78232,22.26329,21.25011,22.74856,24.59841,19.87444,22.80123,25.33975,25.07213,22.47076,23.21868,25.11631,24.35974,24.68156,22.97170,24.54426,25.04722,20.98967,23.03211,26.38318,23.03367,26.96210,24.58992,23.33184,21.10836,21.70220,21.69974,23.16747,22.19611,24.13713,27.33041,42.77080,24.25973,23.64165,22.85482,20.40381,24.76278,26.99686,25.59990,25.58812,19.60482,23.95443,22.82547,23.89691,20.96472,24.76552,16.75557,22.08067,19.47923,19.18583,22.15263,20.33648,21.31849,23.61993,22.43424,20.72542,20.00897,19.64828,21.53979,21.12059,25.53711,24.12545,21.49170,22.60840,20.77947,21.19512,21.11290,18.77331,23.58509,22.25071,22.59357,21.96949,21.05902,21.28366,23.23470,24.17554,21.45521,20.87127,22.84745,23.63820,21.68724,21.84771,22.71948,23.57055,22.11894,23.79833,21.41154,18.67368,29.89342,22.19381,21.68456,20.37793,23.63031,24.63208,24.39425,24.25973,42.92076,24.88394,21.72209,21.55691,21.69187,22.33714,21.25382,26.70115,24.52166,22.63093,27.73735,29.43397,29.74787,24.09211,20.17493,24.64157,29.35893,27.95518,28.58511,27.15243,25.25397,22.99270,24.82856,23.69043,28.08790,25.60305,28.09836,27.98948,24.92787,21.78133,26.18085,28.44862,28.15335,28.18773,27.03863,25.19234,21.80787,24.94295,23.12417,24.34010,26.43988,26.90904,29.56359,29.96621,18.54022,21.79651,21.60075,25.03030,28.17479,25.11398,29.31101,29.78529,22.38407,23.62473,27.20815,21.54481,27.48271,31.24466,29.97543,26.60505,21.96768,22.56824,27.55263,23.64165,24.88394,41.72858,28.06266,27.51638,31.64002,26.45124,20.96752,25.74496,26.70544,27.00802,24.59603,26.44675,25.42861,21.24554,22.01707,22.98119,26.77498,24.58253,25.71133,25.43584,26.05413,20.88683,25.19797,23.03278,23.89811,29.77310,28.03892,26.11755,20.47515,22.43700,23.93294,25.95786,26.42908,26.25242,23.95104,21.67082,20.20353,26.76419,22.93515,26.51336,24.49873,27.25534,24.94391,28.39213,18.47573,22.07266,17.85027,22.93108,23.69314,27.61806,27.29219,26.59400,17.19404,23.39537,25.80373,19.04842,21.82063,23.88927,24.78554,28.52258,20.78889,22.93823,25.77678,22.85482,21.72209,28.06266,39.95958,24.53802,25.91047,23.80282,17.79755,21.03515,24.81078,27.99341,26.36448,27.25230,26.11022,20.19819,21.04997,26.46810,26.90991,26.70459,25.91905,27.08806,22.65675,21.70294,24.21326,25.82646,29.28822,24.47903,25.68049,26.15977,23.85647,22.55633,27.74144,26.27152,26.79476,24.42974,22.72563,26.62159,21.30297,24.20623,23.03652,23.74253,24.55159,26.33815,26.81706,27.88981,18.40294,21.07572,20.65755,23.71496,26.30674,26.41943,26.40742,27.90066,20.56244,22.59417,23.94279,22.24013,24.64466,26.34675,24.35673,25.96857,21.13561,20.66574,25.88852,20.40381,21.55691,27.51638,24.53802,39.15444,30.61915,24.43501,20.72352,22.94997,27.48833,27.88158,30.61696,27.63574,30.80300,24.17476,20.45042,29.32308,30.32828,31.92776,28.46659,29.08274,25.89906,21.54173,23.49457,26.32066,28.12251,28.15289,26.61997,31.73522,27.26825,22.40610,26.19270,27.59967,28.81528,28.74486,26.44423,30.16130,23.04295,25.14354,24.60471,27.85216,29.90141,27.64176,30.21372,29.88743,19.02442,22.14073,23.65974,25.31271,29.50585,25.82053,26.66474,30.54081,21.12871,25.09093,25.77716,23.40704,26.11890,32.02915,28.61346,28.76246,26.66671,23.38019,27.31503,24.76278,21.69187,31.64002,25.91047,30.61915,44.66916,29.16583,23.56158,25.22806,29.10687,29.06345,24.35677,23.07089,26.36991,25.96088,21.49951,24.71331,26.32131,25.42412,21.88782,25.46564,29.29334,26.50276,23.41736,21.61169,24.70469,23.38345,22.22872,26.56691,27.49480,23.25902,21.42757,23.57110,24.95912,25.38808,22.24598,24.37694,27.71775,28.62099,25.00606,23.91140,22.87732,21.41123,24.55484,28.01608,21.41774,22.49030,26.24992,28.74072,26.49325,22.18484,23.83419,26.49395,26.46019,23.29140,25.40062,22.15461,25.91578,24.71360,23.39451,26.26296,22.73846,24.33902,27.40740,26.99686,22.33714,26.45124,23.80282,24.43501,29.16583,43.16515,28.58082,27.59710,25.15339,25.64056,21.64662,18.69222,20.56807,23.45105,16.58399,20.12409,20.43418,20.53276,18.58182,20.38587,23.13090,23.74093,19.87264,19.55773,20.23463,18.97686,18.55628,20.20716,23.10414,23.36526,17.67756,20.88709,19.79482,20.40960,18.78071,20.91565,23.92348,22.79979,20.23823,20.15712,20.01576,17.77015,20.89819,23.23395,25.52428,22.50804,21.85910,25.04089,22.14618,16.68458,17.30649,23.18050,24.37789,21.78271,23.60124,21.58657,22.37066,19.68400,18.70192,20.75425,23.47994,23.26550,22.46628,25.59990,21.25382,20.96752,17.79755,20.72352,23.56158,28.58082,37.41283,25.73525,22.45836,20.49736,20.85918,25.11684,22.37847,26.03203,19.45848,23.04901,24.56886,22.15340,21.25563,20.69962,21.09314,27.26473,22.17857,20.75578,22.69219,20.76519,21.25452,23.17625,25.67750,24.33329,22.61101,20.48936,22.06541,21.02107,21.41834,21.13035,26.02058,24.94741,20.90595,19.79273,23.11478,21.45529,23.80889,23.90973,22.64394,22.58549,24.72741,24.80217,25.28000,19.09691,22.62106,26.61223,26.88115,26.49226,25.78009,22.37042,27.89146,21.74780,21.28827,22.73248,22.53526,23.99350,23.42383,25.58812,26.70115,25.74496,21.03515,22.94997,25.22806,27.59710,25.73525,40.86153,26.69630,22.87389,24.01364,26.76751,20.91589,19.89782,20.13623,24.70187,27.48223,26.08493,25.02173,27.63160,19.18457,24.21325,23.99697,24.96927,26.64532,24.39214,26.06371,28.44683,23.49052,26.31172,25.15467,22.95632,24.29611,24.73944,23.52700,27.12151,21.14505,25.79208,23.53407,25.82703,27.21420,26.41297,26.09308,25.91888,20.47100,22.51295,21.39763,24.19443,23.68643,25.51921,25.56615,29.89212,24.07020,26.69887,23.92536,23.02169,28.92568,25.93524,25.23923,26.50868,24.20652,24.20352,26.64260,19.60482,24.52166,26.70544,24.81078,27.48833,29.10687,25.15339,22.45836,26.69630,45.98687,26.53095,28.49383,27.75090,29.15812,20.95836,25.70546,27.97444,28.93178,26.63802,25.53312,27.90266,22.83508,23.17484,26.52018,25.41381,29.66892,31.34943,26.86798,27.54831,23.47831,23.96383,26.03377,27.13671,23.96615,24.63858,29.09868,25.50491,20.35846,24.68814,25.88894,26.33052,27.77984,27.36516,28.84180,32.83861,18.84486,23.60797,20.88621,24.95683,26.67493,27.68793,24.54573,29.09544,21.27551,22.82489,25.00172,21.65319,23.90803,25.13276,24.41650,32.63062,24.09252,22.57476,27.49513,23.95443,22.63093,27.00802,27.99341,27.88158,29.06345,25.64056,20.49736,22.87389,26.53095,42.04373